13,47,64,52,60,69,80,85,57,1,2,6,30,81,86,40,27,26,97,77,70,92,43,94,8,78,3,88,93,17,55,49,32,59,51,28,33,41,83,67,11,91,53,36,96,7,34,79,98,72,39,56,31,75,82,62,99,66,29,58,9,50,54,12,45,68,4,46,38,21,24,18,44,48,16,61,19,0,90,35,65,37,73,20,22,89,42,23,15,87,74,10,71,25,14,76,84,5,63,95

44 80 45 28 14
94 47 29 50 54
64 67 96 95 93
76 36 82 39 43
30 55 97  3  2
-
43  2 15 99 34
97 75 26  9 67
30 63 74 12 82
18  6 49 48 55
47 36 41 56 83
-
26 70 87 80 89
17 50 61 21 96
43 83 85 46 64
66 75 23 47 69
22 72 55 52  8
-
67 54 11 29 42
16 45 56 86 66
 4 80 43 72 91
90 87 63 39 50
32  6 59 27 89
-
14 92 78 47 59
98  0 63 85 31
52  8 84 70 91
43  3 76 65 57
87 22 99 94 58
-
26 53 58 52  1
82 57 32 40 20
72 21 74 46 43
41 15 98  2 11
 5 96 22 18 55
-